du_tp = 3296.550353
vf1 = 323.541806
Atot2 = 311.649133
t1 = 101.724529
t21 = 213.300000
hf1 = 6731.468235
gf1 = 9.789327
rhos = 0.000000
hs = 8723.364859
A(2) = 0.148175